01023486
11110903
07008363
07008362
07010128
06201229
07009210
01012907
07008368
13062341
11103847
02030735
01011993
09008458
09008459
09008460
09008461
09008462
11103934
06201438
02006478
02006479
02006480
02006481
13062338
02009888
07007905
07008041
03001154
03001252
11106403
16071561
11103851
11103852
11103853
02006271
02012088
16071554
06368594
13072295
13072314
13072315
13072307
13072305
13072296
13072292
13072299
13072319
03002793
04200002
04200003
04200004
65000900
16001443
03000118
16000753
33061970
02099371
